1             0.98172 0.98466 0.95872 0.98213 0.98096 0.98011 0.97281 0.98209 0.98041 0.97786 0.99598 0.96379 0.98518 0.99170 0.99555 0.98907 0.95539 0.98833 0.98719 0.96795 0.95064 0.98813 0.99313 0.93722 0.98786 0.96540 0.99086 0.99227 0.97754 0.99711 0.98331 0.98259 0.98413 0.97950 0.98425 0.98614 0.98897 0.98907 0.96243 0.97362 0.97674 0.98202 0.98180 0.99687 0.98126 0.99236 0.99799 0.98509 0.97069 0.97516 0.97814 0.99033 0.97945 0.99154 0.99137 0.99182 0.99116 0.99153 0.97218 0.99448 0.98203 0.98427 0.99718 0.99548 0.99137 0.99649 0.97623 0.98754 0.96534 0.99175 0.99539 0.96301 0.98360 0.99459 0.99774 0.95415 0.97240 0.96243 0.99430 0.99122 0.98011 0.99651 0.98494 0.98647 0.99489 0.99412 0.94419 0.99006 0.98390 0.97397 0.98454 0.97897 0.93882 0.98264 0.98009 0.98318 0.98848 0.97848 0.98252 0.98740 0.97753 
 0.98172 1             0.99624 0.98852 0.99742 0.98825 0.98907 0.99014 0.97875 0.99926 0.99010 0.99156 0.97086 0.99662 0.98740 0.97467 0.99413 0.98609 0.99123 0.99312 0.98758 0.98064 0.99779 0.99196 0.97274 0.99595 0.98494 0.98774 0.98866 0.99461 0.98905 0.99512 0.99913 0.99709 0.97521 0.99765 0.98871 0.99319 0.99178 0.98811 0.99075 0.98048 0.99860 0.98540 0.98759 0.99359 0.99544 0.98747 0.99712 0.99317 0.98722 0.99640 0.98501 0.98932 0.99513 0.98524 0.99279 0.99457 0.98890 0.98994 0.99119 0.98416 0.98298 0.98885 0.97568 0.99443 0.99283 0.99076 0.99239 0.98382 0.99359 0.99116 0.97409 0.96522 0.98722 0.98941 0.98951 0.97565 0.99289 0.98734 0.99055 0.98893 0.98272 0.97070 0.98405 0.99056 0.98973 0.98050 0.99262 0.98108 0.98567 0.99528 0.98456 0.95311 0.99691 0.98868 0.98842 0.98426 0.99868 0.99105 0.99406 0.99590 
 0.98466 0.99624 1             0.98459 0.99735 0.98314 0.98507 0.98762 0.97902 0.99645 0.98703 0.99404 0.95890 0.99693 0.98588 0.97599 0.99165 0.97494 0.98972 0.98848 0.97788 0.97167 0.99622 0.98961 0.96024 0.99413 0.97610 0.98791 0.99108 0.99267 0.99285 0.99864 0.99452 0.99687 0.96797 0.99513 0.98401 0.99766 0.98996 0.98237 0.98433 0.97412 0.99335 0.98021 0.99327 0.99324 0.99454 0.99034 0.99572 0.99045 0.97927 0.99695 0.98361 0.98331 0.99269 0.98023 0.99185 0.99218 0.98766 0.98284 0.99310 0.98277 0.98804 0.98949 0.97477 0.99062 0.99463 0.98906 0.98980 0.97789 0.99105 0.99019 0.96422 0.96479 0.98662 0.99193 0.98939 0.96736 0.98780 0.98714 0.99388 0.97910 0.98400 0.96732 0.98366 0.98784 0.98577 0.97270 0.98780 0.97612 0.97848 0.98826 0.98336 0.93778 0.99254 0.97844 0.99086 0.99202 0.99522 0.98976 0.99478 0.98930 
 0.95872 0.98852 0.98459 1             0.98946 0.99038 0.99220 0.99739 0.98239 0.98961 0.99476 0.97577 0.97911 0.98874 0.98016 0.96146 0.98778 0.99522 0.98760 0.98696 0.99265 0.99599 0.98640 0.98041 0.99156 0.98890 0.99436 0.98209 0.98316 0.99674 0.97553 0.98461 0.98918 0.99026 0.97590 0.98414 0.98553 0.97516 0.98769 0.99863 0.99486 0.98480 0.99119 0.98688 0.96957 0.99492 0.98263 0.97153 0.98864 0.99725 0.99106 0.98897 0.97954 0.99160 0.98554 0.97516 0.98546 0.98621 0.98339 0.99504 0.98113 0.98830 0.98456 0.96786 0.96052 0.98102 0.97636 0.99598 0.98754 0.99526 0.98551 0.97857 0.98400 0.96346 0.97825 0.96757 0.98213 0.98240 0.99700 0.97688 0.98344 0.98524 0.97113 0.96544 0.98427 0.97798 0.97054 0.99648 0.98261 0.97914 0.99036 0.97992 0.99015 0.97114 0.99035 0.98423 0.98923 0.95887 0.99314 0.99273 0.99090 0.99023 
 0.98213 0.99742 0.99735 0.98946 1             0.98741 0.98891 0.99072 0.97908 0.99889 0.99120 0.99330 0.96764 0.99941 0.98865 0.97523 0.99539 0.98363 0.99417 0.99411 0.98478 0.97894 0.99876 0.99117 0.97100 0.99786 0.98354 0.99081 0.99178 0.99467 0.99077 0.99874 0.99657 0.99964 0.97331 0.99874 0.98987 0.99618 0.99175 0.98689 0.99073 0.98187 0.99696 0.98432 0.99043 0.99563 0.99615 0.98941 0.99942 0.99563 0.98691 0.99951 0.98317 0.98911 0.99529 0.98425 0.99420 0.99448 0.98900 0.99027 0.99271 0.98660 0.98588 0.98744 0.97505 0.99430 0.99215 0.99287 0.99045 0.98287 0.99251 0.99150 0.96973 0.96483 0.98880 0.98851 0.99101 0.97543 0.99306 0.99051 0.99452 0.98531 0.98382 0.96707 0.98651 0.99065 0.98908 0.98273 0.99237 0.97826 0.98291 0.99099 0.98760 0.94778 0.99782 0.98523 0.98957 0.98850 0.99592 0.99184 0.99665 0.99656 
 0.98096 0.98825 0.98314 0.99038 0.98741 1             0.99914 0.99674 0.99582 0.98774 0.99774 0.98701 0.99383 0.98984 0.99495 0.98711 0.99602 0.99031 0.99620 0.99576 0.99576 0.99056 0.99021 0.99290 0.98428 0.99366 0.99686 0.99440 0.99417 0.99573 0.98934 0.98233 0.99086 0.99011 0.99558 0.98574 0.99713 0.97809 0.99767 0.99417 0.99714 0.99664 0.99270 0.99896 0.98215 0.99573 0.99093 0.98781 0.99013 0.99115 0.99804 0.98435 0.99579 0.99892 0.99516 0.99431 0.99553 0.99610 0.99675 0.99689 0.99257 0.99765 0.99216 0.98402 0.98739 0.99185 0.98885 0.99667 0.99621 0.99690 0.99677 0.99305 0.99505 0.98939 0.99452 0.98248 0.96474 0.99655 0.98749 0.99174 0.99168 0.99693 0.99124 0.99069 0.99712 0.99405 0.98642 0.98428 0.99488 0.99616 0.99770 0.98769 0.99681 0.98373 0.99229 0.99638 0.99486 0.96482 0.99141 0.99816 0.99538 0.99106 
 0.98011 0.98907 0.98507 0.99220 0.98891 0.99914 1             0.99821 0.99571 0.98881 0.99841 0.98709 0.99189 0.99045 0.99506 0.98649 0.99595 0.99157 0.99689 0.99576 0.99687 0.99161 0.99108 0.99360 0.98638 0.99408 0.99721 0.99380 0.99375 0.99681 0.98937 0.98459 0.99186 0.99126 0.99414 0.98634 0.99656 0.97965 0.99753 0.99573 0.99808 0.99582 0.99313 0.99868 0.98332 0.99698 0.99136 0.98704 0.99150 0.99378 0.99798 0.98631 0.99543 0.99933 0.99562 0.99335 0.99642 0.99502 0.99683 0.99789 0.99221 0.99850 0.99332 0.98380 0.98574 0.99189 0.98851 0.99658 0.99680 0.99684 0.99652 0.99309 0.99398 0.98739 0.99441 0.98194 0.96895 0.99553 0.98936 0.99132 0.99291 0.99544 0.99097 0.98853 0.99568 0.99295 0.98600 0.98679 0.99489 0.99481 0.99734 0.98797 0.99787 0.98182 0.99268 0.99558 0.99526 0.96684 0.99284 0.99856 0.99634 0.99174 
 0.97281 0.99014 0.98762 0.99739 0.99072 0.99674 0.99821 1             0.99253 0.99051 0.99857 0.98427 0.98638 0.99152 0.99027 0.97763 0.99374 0.99341 0.99412 0.99261 0.99556 0.99440 0.99043 0.98907 0.98873 0.99295 0.99664 0.99055 0.99139 0.99889 0.98595 0.98689 0.99169 0.99246 0.98710 0.98630 0.99269 0.97991 0.99483 0.99861 0.99760 0.99170 0.99316 0.99499 0.98005 0.99825 0.98886 0.98247 0.99150 0.99658 0.99533 0.98925 0.99071 0.99689 0.99253 0.98634 0.99328 0.99259 0.99286 0.99727 0.98976 0.99591 0.99310 0.97870 0.97649 0.98807 0.98557 0.99822 0.99458 0.99773 0.99332 0.98821 0.99066 0.97937 0.98893 0.97788 0.97650 0.99026 0.99372 0.98638 0.99122 0.99114 0.98447 0.98039 0.99273 0.98753 0.97968 0.99165 0.99023 0.98936 0.99552 0.98470 0.99643 0.97705 0.99235 0.99070 0.99580 0.96588 0.99463 0.99832 0.99605 0.99130 
 0.98209 0.97875 0.97902 0.98239 0.97908 0.99582 0.99571 0.99253 1             0.97721 0.99341 0.98489 0.98873 0.98237 0.99301 0.99121 0.99061 0.97780 0.99203 0.98812 0.98681 0.98155 0.98216 0.98947 0.97259 0.98739 0.98931 0.99266 0.99434 0.99092 0.99003 0.97600 0.98195 0.98288 0.99393 0.97481 0.99160 0.97358 0.99589 0.98748 0.98994 0.99268 0.98351 0.99618 0.98230 0.99181 0.98530 0.98779 0.98181 0.98352 0.99080 0.97501 0.99706 0.99352 0.98983 0.99067 0.99220 0.99111 0.99605 0.98871 0.99148 0.99737 0.99660 0.98162 0.98913 0.98444 0.98706 0.99221 0.99370 0.99257 0.99325 0.99001 0.99202 0.99560 0.99358 0.98142 0.95085 0.99274 0.97607 0.98897 0.99005 0.98849 0.99305 0.99476 0.99691 0.98957 0.97972 0.97186 0.98780 0.99532 0.99265 0.97765 0.99591 0.97863 0.98284 0.98743 0.99596 0.96177 0.98408 0.99550 0.99195 0.97855 
 0.98041 0.99926 0.99645 0.98961 0.99889 0.98774 0.98881 0.99051 0.97721 1             0.99045 0.99136 0.96911 0.99811 0.98703 0.97321 0.99428 0.98642 0.99224 0.99395 0.98727 0.98109 0.99855 0.99126 0.97337 0.99654 0.98477 0.98792 0.98888 0.99447 0.98872 0.99707 0.99843 0.99826 0.97366 0.99887 0.98898 0.99386 0.99079 0.98805 0.99069 0.98021 0.99805 0.98444 0.98796 0.99425 0.99584 0.98689 0.99846 0.99451 0.98737 0.99851 0.98314 0.98909 0.99511 0.98411 0.99302 0.99427 0.98801 0.99049 0.99093 0.98423 0.98266 0.98780 0.97391 0.99426 0.99187 0.99138 0.99116 0.98313 0.99272 0.99099 0.97159 0.96315 0.98690 0.98791 0.99192 0.97523 0.99442 0.98793 0.99191 0.98778 0.98187 0.96732 0.98397 0.99030 0.98921 0.98294 0.99283 0.97939 0.98478 0.99425 0.98477 0.95080 0.99749 0.98765 0.98781 0.98546 0.99766 0.99096 0.99498 0.99720 
 0.97786 0.99010 0.98703 0.99476 0.99120 0.99774 0.99841 0.99857 0.99341 0.99045 1             0.98859 0.98934 0.99254 0.99412 0.98210 0.99648 0.99291 0.99625 0.99567 0.99520 0.99140 0.99231 0.99245 0.98516 0.99523 0.99617 0.99451 0.99402 0.99839 0.98863 0.98691 0.99116 0.99374 0.99131 0.98781 0.99682 0.98140 0.99610 0.99607 0.99753 0.99567 0.99474 0.99734 0.98321 0.99881 0.99095 0.98659 0.99267 0.99592 0.99682 0.98855 0.99345 0.99840 0.99427 0.99129 0.99549 0.99528 0.99595 0.99753 0.99314 0.99768 0.99376 0.98327 0.98231 0.99177 0.98791 0.99806 0.99663 0.99641 0.99583 0.99073 0.99079 0.98310 0.99256 0.98212 0.97242 0.99325 0.99115 0.99166 0.99182 0.99408 0.98851 0.98449 0.99548 0.99121 0.98563 0.98816 0.99252 0.99222 0.99698 0.98603 0.99742 0.97706 0.99479 0.99358 0.99476 0.96938 0.99296 0.99875 0.99670 0.99252 
 0.99598 0.99156 0.99404 0.97577 0.99330 0.98701 0.98709 0.98427 0.98489 0.99136 0.98859 1             0.96886 0.99509 0.99494 0.99014 0.99591 0.97095 0.99401 0.99344 0.97760 0.96503 0.99632 0.99584 0.95319 0.99583 0.97593 0.99588 0.99640 0.98929 0.99844 0.99348 0.99057 0.99492 0.98088 0.99329 0.99226 0.99577 0.99335 0.97615 0.98401 0.98360 0.99231 0.98712 0.99834 0.99213 0.99674 0.99863 0.99441 0.98505 0.98295 0.99033 0.99166 0.98703 0.99590 0.99229 0.99635 0.99638 0.99493 0.98280 0.99882 0.98825 0.99046 0.99719 0.99082 0.99640 0.99841 0.98739 0.99323 0.97633 0.99595 0.99623 0.96901 0.97962 0.99571 0.99834 0.97220 0.97704 0.97785 0.99729 0.99552 0.98535 0.99505 0.98150 0.99100 0.99606 0.99577 0.96285 0.99308 0.98502 0.98195 0.98870 0.98689 0.94454 0.99311 0.98511 0.98993 0.99299 0.98873 0.99088 0.99496 0.98818 
 0.96379 0.97086 0.95890 0.97911 0.96764 0.99383 0.99189 0.98638 0.98873 0.96911 0.98934 0.96886 1             0.97061 0.98518 0.97732 0.98402 0.98702 0.98476 0.98592 0.99258 0.98696 0.97292 0.98162 0.98465 0.97957 0.99447 0.98260 0.97974 0.98286 0.97125 0.95817 0.97564 0.97217 0.99673 0.96680 0.99037 0.95270 0.98705 0.98640 0.99031 0.99537 0.98005 0.99485 0.96037 0.98219 0.97461 0.97078 0.97290 0.97827 0.99479 0.96238 0.98760 0.99370 0.98191 0.98826 0.98276 0.98353 0.98719 0.99105 0.97689 0.99066 0.97752 0.96730 0.97907 0.97913 0.97029 0.98507 0.98627 0.99228 0.98559 0.97948 0.99785 0.98597 0.98379 0.96318 0.93761 0.99852 0.97360 0.97976 0.97333 0.99397 0.97953 0.98859 0.98800 0.98254 0.97472 0.97663 0.98435 0.99271 0.99467 0.97528 0.98878 0.99552 0.97942 0.99361 0.97975 0.93565 0.97574 0.98695 0.97995 0.97889 
 0.98518 0.99662 0.99693 0.98874 0.99941 0.98984 0.99045 0.99152 0.98237 0.99811 0.99254 0.99509 0.97061 1             0.99161 0.97931 0.99709 0.98266 0.99553 0.99520 0.98494 0.97835 0.99901 0.99207 0.96980 0.99830 0.98428 0.99388 0.99429 0.99519 0.99327 0.99806 0.99566 0.99964 0.97707 0.99829 0.99227 0.99607 0.99335 0.98670 0.99139 0.98467 0.99662 0.98701 0.99221 0.99650 0.99658 0.99237 0.99924 0.99435 0.98791 0.99866 0.98616 0.99043 0.99643 0.98741 0.99571 0.99629 0.99145 0.99054 0.99526 0.98888 0.98870 0.98911 0.97971 0.99572 0.99409 0.99424 0.99158 0.98437 0.99430 0.99324 0.97247 0.97039 0.99145 0.99034 0.98722 0.97824 0.99104 0.99307 0.99627 0.98682 0.98732 0.97178 0.99016 0.99307 0.99030 0.98117 0.99370 0.98107 0.98446 0.99012 0.98976 0.95058 0.99775 0.98673 0.99200 0.98838 0.99506 0.99395 0.99776 0.99608 
 0.99170 0.98740 0.98588 0.98016 0.98865 0.99495 0.99506 0.99027 0.99301 0.98703 0.99412 0.99494 0.98518 0.99161 1             0.99424 0.99798 0.97955 0.99720 0.99609 0.98759 0.97505 0.99321 0.99596 0.96816 0.99474 0.98697 0.99876 0.99643 0.99153 0.99545 0.98569 0.98856 0.99169 0.99351 0.98813 0.99827 0.98596 0.99631 0.98357 0.99221 0.99479 0.99140 0.99656 0.99204 0.99395 0.99326 0.99586 0.99209 0.98685 0.99187 0.98513 0.99649 0.99520 0.99696 0.99864 0.99836 0.99631 0.99881 0.99082 0.99727 0.99649 0.99324 0.99154 0.99538 0.99695 0.99379 0.99112 0.99522 0.98659 0.99760 0.99638 0.98480 0.99004 0.99897 0.99081 0.96272 0.99083 0.97794 0.99818 0.99512 0.99212 0.99776 0.99070 0.99658 0.99739 0.99379 0.97176 0.99616 0.99215 0.99019 0.98634 0.99542 0.96708 0.99244 0.99331 0.99273 0.97836 0.98739 0.99592 0.99535 0.98941 
 0.99555 0.97467 0.97599 0.96146 0.97523 0.98711 0.98649 0.97763 0.99121 0.97321 0.98210 0.99014 0.97732 0.97931 0.99424 1             0.98841 0.96037 0.98998 0.98744 0.97489 0.95920 0.98235 0.99272 0.94828 0.98497 0.97382 0.99177 0.99262 0.97837 0.99436 0.97461 0.97811 0.97873 0.99039 0.97572 0.98930 0.97773 0.99138 0.96815 0.97818 0.98495 0.97818 0.98930 0.99080 0.98205 0.98808 0.99437 0.98002 0.97067 0.98175 0.97036 0.99541 0.98525 0.99046 0.99465 0.99228 0.98973 0.99470 0.97721 0.99238 0.98941 0.98831 0.99163 0.99885 0.98807 0.99153 0.97870 0.98950 0.97383 0.99222 0.99467 0.97641 0.99509 0.99667 0.99029 0.94138 0.98425 0.96089 0.99368 0.99012 0.98420 0.99885 0.99463 0.99129 0.99431 0.98967 0.94925 0.99029 0.99172 0.98145 0.98015 0.98575 0.95882 0.97882 0.98449 0.98587 0.97370 0.97516 0.98602 0.98702 0.97438 
 0.98907 0.99413 0.99165 0.98778 0.99539 0.99602 0.99595 0.99374 0.99061 0.99428 0.99648 0.99591 0.98402 0.99709 0.99798 0.98841 1             0.98597 0.99873 0.99849 0.99063 0.98158 0.99764 0.99625 0.97462 0.99890 0.99039 0.99847 0.99712 0.99598 0.99502 0.99201 0.99459 0.99728 0.98970 0.99479 0.99850 0.99094 0.99770 0.98894 0.99563 0.99421 0.99701 0.99541 0.99178 0.99741 0.99655 0.99512 0.99732 0.99340 0.99432 0.99278 0.99386 0.99663 0.99878 0.99604 0.99892 0.99883 0.99755 0.99469 0.99761 0.99567 0.99219 0.99124 0.98956 0.99851 0.99481 0.99571 0.99604 0.98989 0.99841 0.99655 0.98413 0.98319 0.99733 0.99127 0.97530 0.98953 0.98754 0.99757 0.99636 0.99402 0.99404 0.98483 0.99619 0.99752 0.99429 0.98065 0.99749 0.99037 0.99155 0.99107 0.99555 0.96622 0.99795 0.99436 0.99407 0.98199 0.99363 0.99738 0.99824 0.99575 
 0.95539 0.98609 0.97494 0.99522 0.98363 0.99031 0.99157 0.99341 0.97780 0.98642 0.99291 0.97095 0.98702 0.98266 0.97955 0.96037 0.98597 1             0.98556 0.98855 0.99754 0.99694 0.98378 0.98149 0.99584 0.98607 0.99692 0.97824 0.97668 0.99199 0.96906 0.97601 0.98801 0.98497 0.98147 0.98159 0.98730 0.96602 0.98469 0.99666 0.99495 0.98724 0.99099 0.98866 0.96256 0.98975 0.98034 0.96603 0.98518 0.99355 0.99445 0.98192 0.97883 0.99325 0.98445 0.97890 0.98354 0.98426 0.98216 0.99653 0.97600 0.98587 0.97498 0.96695 0.96169 0.98200 0.97143 0.99011 0.98724 0.99330 0.98481 0.97737 0.98801 0.96247 0.97687 0.96323 0.97378 0.98742 0.99420 0.97549 0.97620 0.99146 0.96894 0.96747 0.97984 0.97827 0.97414 0.99510 0.98465 0.98195 0.99355 0.98374 0.98619 0.98068 0.98959 0.99139 0.98009 0.94926 0.98970 0.98848 0.98532 0.99142 
 0.98833 0.99123 0.98972 0.98760 0.99417 0.99620 0.99689 0.99412 0.99203 0.99224 0.99625 0.99401 0.98476 0.99553 0.99720 0.98998 0.99873 0.98556 1             0.99876 0.99140 0.98336 0.99604 0.99672 0.97661 0.99842 0.99131 0.99738 0.99746 0.99478 0.99464 0.99139 0.99342 0.99585 0.99048 0.99299 0.99793 0.98898 0.99808 0.98922 0.99537 0.99425 0.99468 0.99536 0.99141 0.99695 0.99682 0.99381 0.99659 0.99388 0.99569 0.99167 0.99390 0.99716 0.99866 0.99514 0.99924 0.99777 0.99746 0.99548 0.99618 0.99708 0.99242 0.99009 0.98917 0.99645 0.99326 0.99542 0.99577 0.99001 0.99770 0.99738 0.98432 0.98490 0.99793 0.98902 0.97327 0.99150 0.98807 0.99744 0.99750 0.99355 0.99450 0.98510 0.99623 0.99728 0.99310 0.98199 0.99797 0.99177 0.99193 0.99072 0.99634 0.96856 0.99632 0.99377 0.99358 0.98024 0.99192 0.99669 0.99867 0.99487 
 0.98719 0.99312 0.98848 0.98696 0.99411 0.99576 0.99576 0.99261 0.98812 0.99395 0.99567 0.99344 0.98592 0.99520 0.99609 0.98744 0.99849 0.98855 0.99876 1             0.99316 0.98402 0.99698 0.99745 0.97756 0.99834 0.99177 0.99549 0.99482 0.99391 0.99249 0.99048 0.99492 0.99563 0.99066 0.99472 0.99840 0.98764 0.99651 0.98880 0.99497 0.99356 0.99664 0.99501 0.98950 0.99557 0.99731 0.99195 0.99679 0.99321 0.99643 0.99144 0.99285 0.99711 0.99868 0.99581 0.99835 0.99817 0.99640 0.99580 0.99492 0.99434 0.98771 0.99137 0.98822 0.99779 0.99279 0.99359 0.99615 0.98862 0.99794 0.99700 0.98397 0.98158 0.99643 0.98912 0.97433 0.99137 0.98930 0.99676 0.99457 0.99653 0.99247 0.98383 0.99364 0.99770 0.99560 0.98188 0.99897 0.99212 0.99329 0.99434 0.99299 0.96937 0.99773 0.99668 0.98974 0.97924 0.99251 0.99497 0.99696 0.99702 
 0.96795 0.98758 0.97788 0.99265 0.98478 0.99576 0.99687 0.99556 0.98681 0.98727 0.99520 0.97760 0.99258 0.98494 0.98759 0.97489 0.99063 0.99754 0.99140 0.99316 1             0.99587 0.98704 0.98892 0.99374 0.98947 0.99884 0.98477 0.98382 0.99343 0.97833 0.97830 0.99096 0.98653 0.99040 0.98358 0.99246 0.97053 0.99137 0.99665 0.99724 0.99211 0.99214 0.99498 0.97178 0.99207 0.98625 0.97546 0.98775 0.99282 0.99809 0.98250 0.98818 0.99755 0.99088 0.98789 0.99035 0.98958 0.98988 0.99838 0.98283 0.99216 0.98202 0.97605 0.97522 0.98756 0.97962 0.99191 0.99281 0.99537 0.99132 0.98641 0.99360 0.97629 0.98620 0.97195 0.96961 0.99381 0.99184 0.98303 0.98376 0.99614 0.98051 0.98014 0.98683 0.98671 0.98146 0.99116 0.99176 0.99070 0.99721 0.98870 0.99139 0.98588 0.99071 0.99656 0.98614 0.95537 0.99148 0.99293 0.98998 0.99232 
 0.95064 0.98064 0.97167 0.99599 0.97894 0.99056 0.99161 0.99440 0.98155 0.98109 0.99140 0.96503 0.98696 0.97835 0.97505 0.95920 0.98158 0.99694 0.98336 0.98402 0.99587 1             0.97769 0.97717 0.99739 0.98207 0.99735 0.97475 0.97627 0.99093 0.96686 0.97191 0.98426 0.98024 0.98014 0.97479 0.98270 0.96022 0.98460 0.99804 0.99308 0.98474 0.98531 0.98716 0.95806 0.98821 0.97662 0.96211 0.98002 0.99137 0.99330 0.97755 0.97812 0.99149 0.98084 0.97339 0.98028 0.98131 0.97984 0.99484 0.97261 0.98606 0.97688 0.96090 0.95785 0.97442 0.96801 0.99103 0.98495 0.99596 0.98179 0.97465 0.99027 0.96549 0.97412 0.95766 0.96819 0.98756 0.99346 0.97037 0.97534 0.98803 0.96653 0.96834 0.98038 0.97434 0.96536 0.99544 0.98050 0.98276 0.99315 0.97852 0.98635 0.98528 0.98358 0.98665 0.98256 0.94112 0.98734 0.98798 0.98421 0.98545 
 0.98813 0.99779 0.99622 0.98640 0.99876 0.99021 0.99108 0.99043 0.98216 0.99855 0.99231 0.99632 0.97292 0.99901 0.99321 0.98235 0.99764 0.98378 0.99604 0.99698 0.98704 0.97769 1             0.99544 0.96965 0.99868 0.98471 0.99367 0.99364 0.99428 0.99399 0.99723 0.99730 0.99907 0.98003 0.99905 0.99366 0.99586 0.99390 0.98583 0.99144 0.98535 0.99796 0.98854 0.99353 0.99555 0.99828 0.99323 0.99949 0.99350 0.98922 0.99741 0.98840 0.99159 0.99807 0.99068 0.99706 0.99711 0.99309 0.99103 0.99567 0.98885 0.98707 0.99289 0.98320 0.99807 0.99556 0.99194 0.99382 0.98302 0.99613 0.99549 0.97369 0.97196 0.99316 0.99282 0.98575 0.97991 0.99017 0.99450 0.99567 0.98990 0.98945 0.97493 0.98910 0.99524 0.99462 0.97887 0.99623 0.98387 0.98624 0.99431 0.98872 0.95248 0.99845 0.99027 0.98997 0.98935 0.99564 0.99320 0.99716 0.99705 
 0.99313 0.99196 0.98961 0.98041 0.99117 0.99290 0.99360 0.98907 0.98947 0.99126 0.99245 0.99584 0.98162 0.99207 0.99596 0.99272 0.99625 0.98149 0.99672 0.99745 0.98892 0.97717 0.99544 1             0.96804 0.99628 0.98612 0.99403 0.99516 0.99122 0.99578 0.98959 0.99396 0.99287 0.99002 0.99185 0.99549 0.98886 0.99652 0.98386 0.98977 0.98910 0.99432 0.99349 0.99389 0.99307 0.99802 0.99454 0.99397 0.98852 0.99202 0.98766 0.99603 0.99392 0.99826 0.99603 0.99831 0.99737 0.99768 0.99039 0.99626 0.99263 0.98925 0.99682 0.99237 0.99670 0.99627 0.98888 0.99798 0.98348 0.99868 0.99875 0.98071 0.98499 0.99751 0.99459 0.96967 0.98761 0.98358 0.99668 0.99438 0.99415 0.99591 0.98823 0.99171 0.99798 0.99731 0.97113 0.99773 0.99393 0.99139 0.99530 0.98983 0.96346 0.99401 0.99401 0.98939 0.98357 0.99148 0.99273 0.99550 0.99143 
 0.93722 0.97274 0.96024 0.99156 0.97100 0.98428 0.98638 0.98873 0.97259 0.97337 0.98516 0.95319 0.98465 0.96980 0.96816 0.94828 0.97462 0.99584 0.97661 0.97756 0.99374 0.99739 0.96965 0.96804 1             0.97427 0.99496 0.96651 0.96528 0.98388 0.95434 0.96168 0.97713 0.97229 0.97470 0.96705 0.97694 0.94892 0.97619 0.99417 0.99063 0.98128 0.97868 0.98159 0.94506 0.98070 0.96660 0.95022 0.97313 0.98691 0.98961 0.96995 0.96814 0.98725 0.97326 0.96693 0.97259 0.97168 0.97115 0.99220 0.96130 0.98017 0.96618 0.94758 0.94756 0.96780 0.95528 0.98395 0.97574 0.99177 0.97277 0.96503 0.98741 0.95511 0.96561 0.94342 0.96207 0.98405 0.98812 0.96138 0.96594 0.98241 0.95617 0.95819 0.97155 0.96533 0.95658 0.99614 0.97417 0.97337 0.98676 0.97051 0.98161 0.98550 0.97743 0.98278 0.97291 0.92690 0.98004 0.98085 0.97559 0.98152 
 0.98786 0.99595 0.99413 0.98890 0.99786 0.99366 0.99408 0.99295 0.98739 0.99654 0.99523 0.99583 0.97957 0.99830 0.99474 0.98497 0.99890 0.98607 0.99842 0.99834 0.98947 0.98207 0.99868 0.99628 0.97427 1             0.98899 0.99609 0.99647 0.99585 0.99431 0.99519 0.99655 0.99884 0.98490 0.99714 0.99615 0.99355 0.99704 0.98879 0.99431 0.99070 0.99803 0.99193 0.99205 0.99727 0.99821 0.99382 0.99892 0.99541 0.99335 0.99561 0.99092 0.99496 0.99848 0.99242 0.99808 0.99849 0.99536 0.99421 0.99641 0.99324 0.98997 0.99137 0.98503 0.99741 0.99464 0.99542 0.99533 0.98792 0.99730 0.99622 0.97953 0.97757 0.99539 0.99151 0.98100 0.98605 0.99107 0.99625 0.99624 0.99254 0.99120 0.97964 0.99345 0.99629 0.99418 0.98204 0.99685 0.98800 0.98975 0.99328 0.99304 0.96114 0.99909 0.99217 0.99234 0.98540 0.99514 0.99533 0.99852 0.99705 
 0.96540 0.98494 0.97610 0.99436 0.98354 0.99686 0.99721 0.99664 0.98931 0.98477 0.99617 0.97593 0.99447 0.98428 0.98697 0.97382 0.99039 0.99692 0.99131 0.99177 0.99884 0.99735 0.98471 0.98612 0.99496 0.98899 1             0.98592 0.98513 0.99408 0.97735 0.97629 0.98836 0.98579 0.99084 0.98097 0.99241 0.96838 0.99202 0.99775 0.99800 0.99428 0.99054 0.99536 0.96913 0.99272 0.98393 0.97485 0.98612 0.99299 0.99853 0.98100 0.98760 0.99782 0.98913 0.98642 0.98909 0.98922 0.98946 0.99874 0.98250 0.99382 0.98405 0.97195 0.97384 0.98510 0.97753 0.99461 0.99132 0.99835 0.99011 0.98437 0.99579 0.97823 0.98564 0.96909 0.96610 0.99548 0.99126 0.98243 0.98334 0.99498 0.97954 0.98068 0.98962 0.98524 0.97766 0.99286 0.98948 0.99047 0.99719 0.98413 0.99376 0.98900 0.98976 0.99469 0.98824 0.95135 0.98981 0.99400 0.99008 0.99059 
 0.99086 0.98774 0.98791 0.98209 0.99081 0.99440 0.99380 0.99055 0.99266 0.98792 0.99451 0.99588 0.98260 0.99388 0.99876 0.99177 0.99847 0.97824 0.99738 0.99549 0.98477 0.97475 0.99367 0.99403 0.96651 0.99609 0.98592 1             0.99831 0.99262 0.99594 0.98792 0.98809 0.99374 0.99042 0.98934 0.99769 0.98839 0.99659 0.98355 0.99185 0.99450 0.99173 0.99473 0.99222 0.99524 0.99332 0.99678 0.99311 0.98822 0.99081 0.98744 0.99448 0.99406 0.99613 0.99614 0.99759 0.99704 0.99775 0.99025 0.99821 0.99622 0.99448 0.98999 0.99276 0.99598 0.99383 0.99377 0.99375 0.98714 0.99673 0.99519 0.98233 0.98804 0.99811 0.99091 0.96499 0.98894 0.97933 0.99846 0.99590 0.99005 0.99627 0.98773 0.99816 0.99658 0.99207 0.97301 0.99438 0.98980 0.98840 0.98399 0.99594 0.96344 0.99361 0.99028 0.99427 0.98044 0.98743 0.99632 0.99648 0.98964 
 0.99227 0.98866 0.99108 0.98316 0.99178 0.99417 0.99375 0.99139 0.99434 0.98888 0.99402 0.99640 0.97974 0.99429 0.99643 0.99262 0.99712 0.97668 0.99746 0.99482 0.98382 0.97627 0.99364 0.99516 0.96528 0.99647 0.98513 0.99831 1             0.99335 0.99801 0.99057 0.98975 0.99407 0.98821 0.98954 0.99514 0.99030 0.99800 0.98443 0.99002 0.99097 0.99135 0.99315 0.99437 0.99580 0.99553 0.99728 0.99322 0.98883 0.99004 0.98868 0.99544 0.99288 0.99641 0.99329 0.99764 0.99775 0.99771 0.98914 0.99878 0.99568 0.99635 0.99201 0.99151 0.99369 0.99607 0.99455 0.99516 0.98711 0.99724 0.99668 0.98075 0.98870 0.99787 0.99306 0.96746 0.98706 0.98195 0.99737 0.99767 0.98906 0.99651 0.98807 0.99798 0.99649 0.99093 0.97226 0.99395 0.99153 0.98874 0.98606 0.99467 0.96153 0.99260 0.98794 0.99626 0.98316 0.98934 0.99614 0.99797 0.98822 
 0.97754 0.99461 0.99267 0.99674 0.99467 0.99573 0.99681 0.99889 0.99092 0.99447 0.99839 0.98929 0.98286 0.99519 0.99153 0.97837 0.99598 0.99199 0.99478 0.99391 0.99343 0.99093 0.99428 0.99122 0.98388 0.99585 0.99408 0.99262 0.99335 1             0.98928 0.99133 0.99475 0.99613 0.98495 0.99100 0.99341 0.98638 0.99585 0.99691 0.99696 0.99059 0.99659 0.99386 0.98459 0.99935 0.99207 0.98667 0.99472 0.99737 0.99379 0.99304 0.99104 0.99600 0.99449 0.98751 0.99471 0.99520 0.99383 0.99611 0.99304 0.99460 0.99348 0.98346 0.97812 0.99152 0.98985 0.99855 0.99579 0.99551 0.99517 0.99015 0.98700 0.97733 0.99023 0.98387 0.98144 0.98706 0.99436 0.98896 0.99272 0.99127 0.98594 0.97953 0.99295 0.98976 0.98402 0.98906 0.99142 0.98819 0.99397 0.98781 0.99531 0.97010 0.99564 0.99059 0.99637 0.97404 0.99728 0.99847 0.99744 0.99349 
 0.99711 0.98905 0.99285 0.97553 0.99077 0.98934 0.98937 0.98595 0.99003 0.98872 0.98863 0.99844 0.97125 0.99327 0.99545 0.99436 0.99502 0.96906 0.99464 0.99249 0.97833 0.96686 0.99399 0.99578 0.95434 0.99431 0.97735 0.99594 0.99801 0.98928 1             0.99159 0.98952 0.99252 0.98364 0.99000 0.99159 0.99342 0.99530 0.97740 0.98420 0.98396 0.98943 0.98892 0.99857 0.99202 0.99629 0.99917 0.99228 0.98346 0.98375 0.98797 0.99458 0.98780 0.99617 0.99262 0.99692 0.99628 0.99629 0.98283 0.99895 0.99058 0.99380 0.99657 0.99340 0.99424 0.99904 0.98832 0.99385 0.97887 0.99649 0.99769 0.97298 0.98614 0.99724 0.99758 0.96780 0.97961 0.97663 0.99662 0.99757 0.98528 0.99761 0.98644 0.99344 0.99666 0.99307 0.96226 0.99346 0.98849 0.98333 0.98747 0.98890 0.94985 0.98988 0.98482 0.99342 0.98959 0.98817 0.99242 0.99579 0.98531 
 0.98331 0.99512 0.99864 0.98461 0.99874 0.98233 0.98459 0.98689 0.97600 0.99707 0.98691 0.99348 0.95817 0.99806 0.98569 0.97461 0.99201 0.97601 0.99139 0.99048 0.97830 0.97191 0.99723 0.98959 0.96168 0.99519 0.97629 0.98792 0.99057 0.99133 0.99159 1             0.99393 0.99790 0.96708 0.99704 0.98509 0.99780 0.98865 0.98142 0.98459 0.97474 0.99305 0.97917 0.99302 0.99305 0.99541 0.98930 0.99755 0.99194 0.98053 0.99881 0.98090 0.98361 0.99306 0.98004 0.99230 0.99175 0.98649 0.98419 0.99197 0.98265 0.98540 0.98843 0.97322 0.99131 0.99270 0.98870 0.98809 0.97622 0.99001 0.99046 0.96130 0.96179 0.98668 0.98975 0.99117 0.96805 0.98929 0.98852 0.99471 0.97903 0.98299 0.96321 0.98286 0.98824 0.98696 0.97561 0.98921 0.97434 0.97742 0.98843 0.98319 0.93620 0.99390 0.97879 0.98795 0.99292 0.99331 0.98852 0.99516 0.99198 
 0.98259 0.99913 0.99452 0.98918 0.99657 0.99086 0.99186 0.99169 0.98195 0.99843 0.99116 0.99057 0.97564 0.99566 0.98856 0.97811 0.99459 0.98801 0.99342 0.99492 0.99096 0.98426 0.99730 0.99396 0.97713 0.99655 0.98836 0.98809 0.98975 0.99475 0.98952 0.99393 1             0.99624 0.97924 0.99695 0.99016 0.99134 0.99403 0.99010 0.99276 0.98305 0.99837 0.98791 0.98730 0.99384 0.99665 0.98752 0.99712 0.99404 0.99081 0.99532 0.98727 0.99202 0.99667 0.98726 0.99433 0.99536 0.99058 0.99261 0.99091 0.98683 0.98360 0.98913 0.97799 0.99457 0.99276 0.99165 0.99387 0.98635 0.99487 0.99345 0.97833 0.96949 0.98942 0.98864 0.98704 0.98035 0.99408 0.98832 0.99185 0.99178 0.98478 0.97446 0.98573 0.99240 0.99060 0.98276 0.99514 0.98504 0.98846 0.99739 0.98666 0.96016 0.99680 0.99154 0.98916 0.98165 0.99889 0.99192 0.99504 0.99670 
 0.98413 0.99709 0.99687 0.99026 0.99964 0.99011 0.99126 0.99246 0.98288 0.99826 0.99374 0.99492 0.97217 0.99964 0.99169 0.97873 0.99728 0.98497 0.99585 0.99563 0.98653 0.98024 0.99907 0.99287 0.97229 0.99884 0.98579 0.99374 0.99407 0.99613 0.99252 0.99790 0.99624 1             0.97789 0.99812 0.99279 0.99562 0.99379 0.98829 0.99255 0.98587 0.99769 0.98782 0.99147 0.99728 0.99657 0.99152 0.99947 0.99611 0.98917 0.99852 0.98655 0.99159 0.99643 0.98754 0.99592 0.99619 0.99193 0.99193 0.99496 0.98982 0.98892 0.98885 0.97896 0.99576 0.99334 0.99468 0.99269 0.98552 0.99457 0.99288 0.97382 0.96998 0.99140 0.98987 0.98773 0.97944 0.99233 0.99304 0.99549 0.98771 0.98687 0.97200 0.98990 0.99254 0.99066 0.98294 0.99358 0.98174 0.98586 0.99075 0.99062 0.95250 0.99863 0.98761 0.99171 0.98773 0.99588 0.99421 0.99784 0.99665 
 0.97950 0.97521 0.96797 0.97590 0.97331 0.99558 0.99414 0.98710 0.99393 0.97366 0.99131 0.98088 0.99673 0.97707 0.99351 0.99039 0.98970 0.98147 0.99048 0.99066 0.99040 0.98014 0.98003 0.99002 0.97470 0.98490 0.99084 0.99042 0.98821 0.98495 0.98364 0.96708 0.97924 0.97789 1             0.97302 0.99491 0.96447 0.99202 0.98327 0.98955 0.99642 0.98289 0.99790 0.97557 0.98614 0.98287 0.98335 0.97874 0.97865 0.99404 0.96798 0.99546 0.99490 0.98877 0.99578 0.99041 0.98962 0.99469 0.98976 0.98697 0.99470 0.98592 0.98075 0.99165 0.98671 0.98185 0.98606 0.99207 0.98920 0.99232 0.98885 0.99456 0.99459 0.99284 0.97708 0.94072 0.99818 0.97147 0.98946 0.98295 0.99483 0.99138 0.99612 0.99343 0.99093 0.98469 0.96942 0.99041 0.99720 0.99479 0.98019 0.99182 0.98669 0.98272 0.99495 0.98551 0.95273 0.97836 0.99089 0.98612 0.98052 
 0.98425 0.99765 0.99513 0.98414 0.99874 0.98574 0.98634 0.98630 0.97481 0.99887 0.98781 0.99329 0.96680 0.99829 0.98813 0.97572 0.99479 0.98159 0.99299 0.99472 0.98358 0.97479 0.99905 0.99185 0.96705 0.99714 0.98097 0.98934 0.98954 0.99100 0.99000 0.99704 0.99695 0.99812 0.97302 1             0.98962 0.99572 0.99011 0.98241 0.98841 0.98008 0.99685 0.98268 0.99021 0.99202 0.99688 0.98959 0.99897 0.99190 0.98586 0.99802 0.98185 0.98749 0.99561 0.98581 0.99348 0.99448 0.98772 0.98827 0.99157 0.98301 0.98031 0.98962 0.97679 0.99598 0.99255 0.98890 0.98908 0.97844 0.99230 0.99243 0.96711 0.96303 0.98861 0.98986 0.98893 0.97410 0.99035 0.99079 0.99263 0.98673 0.98370 0.96657 0.98393 0.99230 0.99254 0.97810 0.99404 0.97773 0.98105 0.99405 0.98338 0.94557 0.99766 0.98697 0.98501 0.98912 0.99434 0.98857 0.99424 0.99732 
 0.98614 0.98871 0.98401 0.98553 0.98987 0.99713 0.99656 0.99269 0.99160 0.98898 0.99682 0.99226 0.99037 0.99227 0.99827 0.98930 0.99850 0.98730 0.99793 0.99840 0.99246 0.98270 0.99366 0.99549 0.97694 0.99615 0.99241 0.99769 0.99514 0.99341 0.99159 0.98509 0.99016 0.99279 0.99491 0.98962 1             0.98296 0.99634 0.98821 0.99544 0.99767 0.99407 0.99781 0.98707 0.99525 0.99326 0.99196 0.99318 0.99064 0.99649 0.98630 0.99475 0.99797 0.99672 0.99786 0.99756 0.99712 0.99774 0.99533 0.99519 0.99690 0.99027 0.98856 0.99110 0.99670 0.99065 0.99391 0.99565 0.99066 0.99746 0.99489 0.98832 0.98699 0.99713 0.98682 0.96522 0.99471 0.98396 0.99721 0.99279 0.99627 0.99390 0.98845 0.99658 0.99678 0.99339 0.97970 0.99686 0.99339 0.99427 0.98843 0.99585 0.97441 0.99539 0.99675 0.99096 0.97336 0.98882 0.99634 0.99547 0.99344 
 0.98897 0.99319 0.99766 0.97516 0.99618 0.97809 0.97965 0.97991 0.97358 0.99386 0.98140 0.99577 0.95270 0.99607 0.98596 0.97773 0.99094 0.96602 0.98898 0.98764 0.97053 0.96022 0.99586 0.98886 0.94892 0.99355 0.96838 0.98839 0.99030 0.98638 0.99342 0.99780 0.99134 0.99562 0.96447 0.99572 0.98296 1             0.98730 0.97254 0.97947 0.97170 0.99047 0.97564 0.99559 0.98860 0.99453 0.99300 0.99532 0.98535 0.97473 0.99539 0.97993 0.97903 0.99196 0.98088 0.99101 0.99075 0.98556 0.97772 0.99265 0.97910 0.98331 0.99079 0.97708 0.99190 0.99448 0.98370 0.98517 0.96912 0.98881 0.99059 0.95542 0.96209 0.98736 0.99378 0.98505 0.96292 0.98031 0.98950 0.99352 0.97527 0.98497 0.96396 0.98150 0.98889 0.98907 0.96388 0.98775 0.97114 0.97073 0.98648 0.97969 0.92691 0.99145 0.97536 0.98553 0.99708 0.98959 0.98477 0.99220 0.98798 
 0.98907 0.99178 0.98996 0.98769 0.99175 0.99767 0.99753 0.99483 0.99589 0.99079 0.99610 0.99335 0.98705 0.99335 0.99631 0.99138 0.99770 0.98469 0.99808 0.99651 0.99137 0.98460 0.99390 0.99652 0.97619 0.99704 0.99202 0.99659 0.99800 0.99585 0.99530 0.98865 0.99403 0.99379 0.99202 0.99011 0.99634 0.98730 1             0.99067 0.99504 0.99375 0.99457 0.99646 0.99019 0.99657 0.99580 0.99412 0.99374 0.99192 0.99522 0.98855 0.99681 0.99704 0.99790 0.99479 0.99813 0.99834 0.99835 0.99435 0.99655 0.99712 0.99452 0.99045 0.99035 0.99455 0.99470 0.99616 0.99750 0.99270 0.99864 0.99705 0.98873 0.98895 0.99755 0.99049 0.96967 0.99190 0.98699 0.99525 0.99593 0.99451 0.99503 0.99035 0.99739 0.99682 0.99110 0.97922 0.99639 0.99493 0.99382 0.99101 0.99621 0.97298 0.99435 0.99370 0.99651 0.97706 0.99374 0.99757 0.99791 0.99163 
 0.96243 0.98811 0.98237 0.99863 0.98689 0.99417 0.99573 0.99861 0.98748 0.98805 0.99607 0.97615 0.98640 0.98670 0.98357 0.96815 0.98894 0.99666 0.98922 0.98880 0.99665 0.99804 0.98583 0.98386 0.99417 0.98879 0.99775 0.98355 0.98443 0.99691 0.97740 0.98142 0.99010 0.98829 0.98327 0.98241 0.98821 0.97254 0.99067 1             0.99684 0.98855 0.99139 0.99168 0.97028 0.99477 0.98365 0.97336 0.98744 0.99580 0.99456 0.98559 0.98502 0.99495 0.98776 0.98037 0.98769 0.98788 0.98713 0.99701 0.98238 0.99149 0.98625 0.97076 0.96717 0.98275 0.97823 0.99585 0.99090 0.99802 0.98857 0.98188 0.99111 0.97166 0.98192 0.96934 0.97603 0.98835 0.99527 0.97873 0.98410 0.98999 0.97581 0.97423 0.98686 0.98132 0.97333 0.99504 0.98589 0.98572 0.99477 0.98287 0.99237 0.98052 0.98966 0.98929 0.99077 0.95570 0.99361 0.99449 0.99122 0.98983 
 0.97362 0.99075 0.98433 0.99486 0.99073 0.99714 0.99808 0.99760 0.98994 0.99069 0.99753 0.98401 0.99031 0.99139 0.99221 0.97818 0.99563 0.99495 0.99537 0.99497 0.99724 0.99308 0.99144 0.98977 0.99063 0.99431 0.99800 0.99185 0.99002 0.99696 0.98420 0.98459 0.99276 0.99255 0.98955 0.98841 0.99544 0.97947 0.99504 0.99684 1             0.99541 0.99492 0.99588 0.97813 0.99637 0.98915 0.98292 0.99281 0.99627 0.99783 0.98867 0.98924 0.99871 0.99396 0.99021 0.99392 0.99312 0.99272 0.99939 0.98857 0.99576 0.98818 0.97805 0.97859 0.99173 0.98414 0.99695 0.99300 0.99706 0.99347 0.98901 0.99215 0.97822 0.99041 0.97702 0.97460 0.99313 0.99229 0.98840 0.98978 0.99430 0.98467 0.98026 0.99250 0.98982 0.98380 0.99252 0.99330 0.98852 0.99461 0.98700 0.99679 0.98021 0.99494 0.99500 0.99216 0.96440 0.99373 0.99690 0.99463 0.99509 
 0.97674 0.98048 0.97412 0.98480 0.98187 0.99664 0.99582 0.99170 0.99268 0.98021 0.99567 0.98360 0.99537 0.98467 0.99479 0.98495 0.99421 0.98724 0.99425 0.99356 0.99211 0.98474 0.98535 0.98910 0.98128 0.99070 0.99428 0.99450 0.99097 0.99059 0.98396 0.97474 0.98305 0.98587 0.99642 0.98008 0.99767 0.97170 0.99375 0.98855 0.99541 1             0.98842 0.99777 0.97656 0.99192 0.98497 0.98467 0.98584 0.98774 0.99665 0.97745 0.99189 0.99757 0.99076 0.99451 0.99243 0.99180 0.99446 0.99503 0.98894 0.99731 0.98811 0.97790 0.98650 0.98991 0.98163 0.99289 0.99137 0.99345 0.99253 0.98813 0.99329 0.98793 0.99301 0.97630 0.95359 0.99788 0.97953 0.99184 0.98636 0.99421 0.98895 0.98855 0.99589 0.99081 0.98491 0.98089 0.99124 0.99215 0.99399 0.97979 0.99685 0.98360 0.98997 0.99459 0.98862 0.95830 0.98292 0.99438 0.99057 0.98785 
 0.98202 0.99860 0.99335 0.99119 0.99696 0.99270 0.99313 0.99316 0.98351 0.99805 0.99474 0.99231 0.98005 0.99662 0.99140 0.97818 0.99701 0.99099 0.99468 0.99664 0.99214 0.98531 0.99796 0.99432 0.97868 0.99803 0.99054 0.99173 0.99135 0.99659 0.98943 0.99305 0.99837 0.99769 0.98289 0.99685 0.99407 0.99047 0.99457 0.99139 0.99492 0.98842 1             0.99097 0.98671 0.99614 0.99581 0.98856 0.99761 0.99570 0.99298 0.99487 0.98864 0.99442 0.99658 0.98999 0.99515 0.99674 0.99263 0.99467 0.99293 0.98970 0.98564 0.98882 0.97968 0.99634 0.99204 0.99405 0.99517 0.98882 0.99597 0.99256 0.98110 0.97150 0.99072 0.98855 0.98446 0.98404 0.99367 0.99123 0.99109 0.99382 0.98573 0.97646 0.98891 0.99301 0.99211 0.98452 0.99493 0.98630 0.99111 0.99509 0.98976 0.96335 0.99920 0.99355 0.98971 0.98059 0.99782 0.99407 0.99567 0.99781 
 0.98180 0.98540 0.98021 0.98688 0.98432 0.99896 0.99868 0.99499 0.99618 0.98444 0.99734 0.98712 0.99485 0.98701 0.99656 0.98930 0.99541 0.98866 0.99536 0.99501 0.99498 0.98716 0.98854 0.99349 0.98159 0.99193 0.99536 0.99473 0.99315 0.99386 0.98892 0.97917 0.98791 0.98782 0.99790 0.98268 0.99781 0.97564 0.99646 0.99168 0.99588 0.99777 0.99097 1             0.98219 0.99442 0.98910 0.98777 0.98789 0.98881 0.99709 0.98049 0.99715 0.99872 0.99417 0.99629 0.99544 0.99461 0.99776 0.99548 0.99246 0.99825 0.99233 0.98463 0.99012 0.99196 0.98785 0.99383 0.99656 0.99488 0.99655 0.99243 0.99526 0.99159 0.99524 0.98241 0.95899 0.99737 0.98275 0.99252 0.99004 0.99645 0.99282 0.99319 0.99652 0.99361 0.98741 0.98015 0.99406 0.99675 0.99760 0.98561 0.99686 0.98378 0.99054 0.99664 0.99302 0.96355 0.98845 0.99731 0.99357 0.98850 
 0.99687 0.98759 0.99327 0.96957 0.99043 0.98215 0.98332 0.98005 0.98230 0.98796 0.98321 0.99834 0.96037 0.99221 0.99204 0.99080 0.99178 0.96256 0.99141 0.98950 0.97178 0.95806 0.99353 0.99389 0.94506 0.99205 0.96913 0.99222 0.99437 0.98459 0.99857 0.99302 0.98730 0.99147 0.97557 0.99021 0.98707 0.99559 0.99019 0.97028 0.97813 0.97656 0.98671 0.98219 1             0.98826 0.99533 0.99771 0.99162 0.98031 0.97703 0.98820 0.98929 0.98178 0.99374 0.98846 0.99447 0.99258 0.99211 0.97695 0.99665 0.98466 0.98917 0.99688 0.98966 0.99282 0.99784 0.98217 0.98990 0.96963 0.99283 0.99555 0.96169 0.97786 0.99396 0.99777 0.97026 0.97076 0.97290 0.99466 0.99598 0.97892 0.99465 0.97832 0.98698 0.99371 0.99283 0.95583 0.99064 0.98131 0.97594 0.98584 0.98282 0.93522 0.98764 0.97909 0.98786 0.99501 0.98505 0.98704 0.99289 0.98304 
 0.98126 0.99359 0.99324 0.99492 0.99563 0.99573 0.99698 0.99825 0.99181 0.99425 0.99881 0.99213 0.98219 0.99650 0.99395 0.98205 0.99741 0.98975 0.99695 0.99557 0.99207 0.98821 0.99555 0.99307 0.98070 0.99727 0.99272 0.99524 0.99580 0.99935 0.99202 0.99305 0.99384 0.99728 0.98614 0.99202 0.99525 0.98860 0.99657 0.99477 0.99637 0.99192 0.99614 0.99442 0.98826 1             0.99383 0.98979 0.99605 0.99732 0.99389 0.99385 0.99223 0.99629 0.99582 0.98963 0.99669 0.99629 0.99555 0.99580 0.99531 0.99621 0.99518 0.98604 0.98152 0.99321 0.99152 0.99850 0.99625 0.99381 0.99618 0.99236 0.98504 0.97974 0.99298 0.98624 0.98017 0.98788 0.99273 0.99254 0.99533 0.99093 0.98915 0.98073 0.99479 0.99193 0.98675 0.98716 0.99294 0.98886 0.99327 0.98748 0.99657 0.96742 0.99633 0.99047 0.99662 0.97809 0.99560 0.99884 0.99888 0.99380 
 0.99236 0.99544 0.99454 0.98263 0.99615 0.99093 0.99136 0.98886 0.98530 0.99584 0.99095 0.99674 0.97461 0.99658 0.99326 0.98808 0.99655 0.98034 0.99682 0.99731 0.98625 0.97662 0.99828 0.99802 0.96660 0.99821 0.98393 0.99332 0.99553 0.99207 0.99629 0.99541 0.99665 0.99657 0.98287 0.99688 0.99326 0.99453 0.99580 0.98365 0.98915 0.98497 0.99581 0.98910 0.99533 0.99383 1             0.99501 0.99753 0.99069 0.98985 0.99402 0.99149 0.99147 0.99872 0.99197 0.99775 0.99798 0.99469 0.98963 0.99627 0.98957 0.98772 0.99606 0.98737 0.99686 0.99738 0.99052 0.99531 0.98190 0.99736 0.99848 0.97457 0.97791 0.99550 0.99522 0.97936 0.98206 0.98783 0.99572 0.99656 0.99122 0.99284 0.98047 0.99034 0.99745 0.99621 0.97398 0.99751 0.98866 0.98732 0.99627 0.98790 0.95503 0.99616 0.99066 0.98994 0.98922 0.99392 0.99206 0.99712 0.99439 
 0.99799 0.98747 0.99034 0.97153 0.98941 0.98781 0.98704 0.98247 0.98779 0.98689 0.98659 0.99863 0.97078 0.99237 0.99586 0.99437 0.99512 0.96603 0.99381 0.99195 0.97546 0.96211 0.99323 0.99454 0.95022 0.99382 0.97485 0.99678 0.99728 0.98667 0.99917 0.98930 0.98752 0.99152 0.98335 0.98959 0.99196 0.99300 0.99412 0.97336 0.98292 0.98467 0.98856 0.98777 0.99771 0.98979 0.99501 1             0.99137 0.98076 0.98232 0.98607 0.99290 0.98649 0.99530 0.99369 0.99593 0.99577 0.99536 0.98103 0.99853 0.98916 0.99121 0.99584 0.99462 0.99506 0.99805 0.98647 0.99145 0.97623 0.99541 0.99680 0.97108 0.98539 0.99728 0.99750 0.96387 0.97887 0.97250 0.99755 0.99592 0.98457 0.99750 0.98582 0.99325 0.99695 0.99426 0.95865 0.99298 0.98636 0.98048 0.98571 0.98782 0.94755 0.98972 0.98443 0.99093 0.98933 0.98529 0.99053 0.99385 0.98480 
